INSERT INTO item 
    (order_number,pizza_id,quantity,rate_vat100) 
VALUES 
    (76,4,3,10),
    (59,10,4,10),
    (66,3,3,10),
    (40,2,1,10),
    (67,7,5,10),
    (34,7,5,10),
    (26,7,4,10),
    (21,5,4,10),
    (52,7,3,10),
    (34,3,2,10),
    (70,8,1,10),
    (75,3,3,10),
    (48,8,2,10),
    (71,9,2,10),
    (98,7,4,10),
    (49,5,5,10),
    (94,5,4,10),
    (62,1,4,10),
    (56,3,4,10),
    (17,3,3,10),
    (13,3,2,10),
    (91,5,1,10),
    (45,6,4,10),
    (45,3,5,10),
    (75,8,2,10),
    (52,2,3,10),
    (40,10,4,10),
    (87,5,4,10),
    (41,7,1,10),
    (95,1,2,10),
    (58,10,2,10),
    (10,5,2,10),
    (38,3,3,10),
    (64,10,1,10),
    (4,8,1,10),
    (98,7,2,10),
    (100,6,1,10),
    (40,2,2,10),
    (50,4,1,10),
    (38,8,2,10),
    (62,1,1,10),
    (15,7,3,10),
    (44,2,2,10),
    (73,3,5,10),
    (34,5,2,10),
    (7,6,4,10),
    (79,4,1,10),
    (37,4,5,10),
    (60,3,5,10),
    (88,2,4,10),
    (13,4,1,10),
    (46,2,3,10),
    (98,9,3,10),
    (47,9,1,10),
    (11,10,1,10),
    (45,9,4,10),
    (24,1,5,10),
    (92,10,1,10),
    (36,6,4,10),
    (5,8,1,10),
    (95,9,1,10),
    (96,3,5,10),
    (78,4,3,10),
    (85,1,4,10),
    (53,5,2,10),
    (14,7,3,10),
    (95,4,4,10),
    (6,1,4,10),
    (84,7,4,10),
    (98,10,5,10),
    (71,3,2,10),
    (100,9,1,10),
    (53,1,3,10),
    (6,6,5,10),
    (80,7,2,10),
    (90,4,5,10),
    (23,4,4,10),
    (81,8,1,10),
    (54,3,4,10),
    (70,10,3,10),
    (66,1,5,10),
    (94,5,5,10),
    (53,8,1,10),
    (25,5,2,10),
    (92,9,3,10),
    (68,9,4,10),
    (89,4,4,10),
    (88,1,5,10),
    (14,7,3,10),
    (77,5,1,10),
    (66,1,2,10),
    (69,9,1,10),
    (45,2,5,10),
    (95,2,5,10),
    (87,6,4,10),
    (46,4,5,10),
    (91,9,2,10),
    (55,4,2,10),
    (61,7,5,10),
    (19,4,1,10);